control:
  test_f1_score: 0.06666666666666668
  test_loss: 3.572040557861328
  test_runtime: 4.1178
  test_samples_per_second: 2.428
  test_steps_per_second: 1.214
test:
  test_f1_score: 0.030303030303030304
  test_loss: 2.6012775897979736
  test_runtime: 4.1695
  test_samples_per_second: 2.398
  test_steps_per_second: 1.199
train:
  epoch: 2.0
  total_flos: 7894040371200.0
  train_loss: 2.1397456487019855
  train_runtime: 80.4802
  train_samples_per_second: 0.746
  train_steps_per_second: 0.373
