control:
  test_f1_score: 0.06666666666666668
  test_loss: 2.5299649238586426
  test_runtime: 20.696
  test_samples_per_second: 0.483
  test_steps_per_second: 0.242
test:
  test_f1_score: 0.030303030303030304
  test_loss: 3.199620485305786
  test_runtime: 20.6769
  test_samples_per_second: 0.484
  test_steps_per_second: 0.242
train:
  epoch: 2.0
  total_flos: 2631346790400.0
  train_loss: 2.396585464477539
  train_runtime: 66.2328
  train_samples_per_second: 0.302
  train_steps_per_second: 0.151
