control:
  test_f1_score: 0.06666666666666668
  test_loss: 7.308634281158447
  test_runtime: 10.3943
  test_samples_per_second: 0.962
  test_steps_per_second: 0.481
test:
  test_f1_score: 0.030303030303030304
  test_loss: 7.00391149520874
  test_runtime: 10.1265
  test_samples_per_second: 0.988
  test_steps_per_second: 0.494
train:
  epoch: 6.0
  train_loss: 1.389772400711522
  train_runtime: 487.286
  train_samples_per_second: 0.259
  train_steps_per_second: 0.135
